function [ clusteringZhouHACA ] = tw_get_clustering_haca()
%TW_GET_CLUSTERING_HACA Summary of this function goes here
%   Detailed explanation goes here

    clusteringZhouHACA_86_01 = [1 1 2 2 1 1 1 3 3 1 1 1 4 4 4 3 3];
    clusteringZhouHACA_86_02 = [1 1 1 1 2 2 2 3 3 3 1 4 4 4 4 4 4 1 1 1 1 1 5 6 6 6 6 7 7 7 7 7 8 8 8 1 1 1 1];
    clusteringZhouHACA_86_03 = [1 1 1 2 2 2 2 3 3 1 1 1 1 4 4 4 4 5 5 5 6 6 6 7 7 7 1 1 1 1 1];
    clusteringZhouHACA_86_04 = [1 1 1 1 2 4 2 4 3 3 3 3 4 4 4 1 1 1 5 5 5 6 6 6 7 7 4 7 7 3 3 3 3 1 1 1 1];
    clusteringZhouHACA_86_05 = [1 1 1 2 2 2 3 3 2 2 2 2 2 2 1 1 4 4 4 5 5 5 6 6 7 7 7 1 1 1 1];
    clusteringZhouHACA_86_06 = [1 1 1 1 2 2 3 3 3 2 2 4 4 4 5 5 5 6 6 6 7 7 7 8 8 8 9 9 9 9 10 10 10 1 1 1 1];
    clusteringZhouHACA_86_07 = [1 1 1 1 2 2 2 3 3 2 2 2 2 3 3 3 4 4 4 5 5 1 1 1 1 6 6 6 1 1 1 1];
    clusteringZhouHACA_86_08 = [1 1 1 1 2 2 2 3 3 3 4 4 5 5 5 6 6 6 7 7 7 5 5 8 8 8 9 9 9 1 1 1 1];
    clusteringZhouHACA_86_09 = [1 1 1 1 2 2 2 2 3 3 3 4 4 4 1 1 1 1];
    clusteringZhouHACA_86_10 = [1 1 1 1 1 1 1 2 2 2 2 2 2 2 1 1 1 1 3 3 3 4 4 4 1 1 1 1];
    clusteringZhouHACA_86_11 = [1 1 1 1 1 1 1 2 2 2 3 3 3 3 2 2 2 4 4 4 4 4 3 3 3 3 2 2 2 2 1 1 1 1 1 1];
    clusteringZhouHACA_86_12 = [1 1 1 1 2 2 2 3 3 3 3 3 4 4 4 5 5 6 6 7 7 7 7 7 7 7 7 1 1 1 1 1];
    clusteringZhouHACA_86_13 = [1 1 1 1 2 2 3 3 3 4 4 4 2 5 5 5 5 6 6 1 1 1];
    clusteringZhouHACA_86_14 = [1 1 2 2 2 2 2 1 1 1 3 3 3 3 3 1 1 1 1 4 4 4];

    clusteringZhouHACA = { ...
        clusteringZhouHACA_86_01, clusteringZhouHACA_86_02, ... 
        clusteringZhouHACA_86_03, clusteringZhouHACA_86_04, ...
        clusteringZhouHACA_86_05, clusteringZhouHACA_86_06, ...
        clusteringZhouHACA_86_07, clusteringZhouHACA_86_08, ...
        clusteringZhouHACA_86_09, clusteringZhouHACA_86_10, ...
        clusteringZhouHACA_86_11, clusteringZhouHACA_86_12, ...
        clusteringZhouHACA_86_13, clusteringZhouHACA_86_14 ...
    };
end

