function [ clusteringZhouACA ] = tw_get_clustering_aca()
%TW_GET_CLUSTERING_ACA Summary of this function goes here
%   Detailed explanation goes here

    clusteringZhouACA_86_01 = [1 1 2 2 2 1 1 3 3 1 1 1 4 4 4 3 3];
    clusteringZhouACA_86_02 = [1 1 1 1 2 2 2 3 3 3 1 4 4 4 4 4 4 1 1 1 1 1 5 5 6 6 6 7 7 7 7 7 8 8 1 1 1 1];
    clusteringZhouACA_86_03 = [1 1 1 2 2 2 2 3 3 3 1 1 1 4 4 4 4 5 5 5 6 6 6 7 7 7 1 1 1 1 1];
    clusteringZhouACA_86_04 = [1 1 1 1 2 2 2 2 3 3 3 3 4 4 4 1 1 1 5 5 5 6 6 6 7 7 7 7 7 3 3 3 4 4 4 4];
    clusteringZhouACA_86_05 = [1 1 1 2 2 2 3 3 3 2 2 2 2 2 2 1 1 4 4 5 5 5 6 6 7 7 7 1 1 1 1];
    clusteringZhouACA_86_06 = [1 1 1 1 2 2 3 3 3 3 2 2 4 4 4 5 5 6 6 6 6 7 7 8 8 8 9 9 9 9 10 10 10 1 1 1 1];
    clusteringZhouACA_86_07 = [1 1 1 1 2 2 2 3 3 3 2 2 2 2 3 3 3 4 4 4 5 5 1 1 1 1 6 6 6 1 1 1 1];
    clusteringZhouACA_86_08 = [1 1 1 1 2 2 2 3 3 3 4 4 4 5 5 6 6 6 7 7 7 5 5 5 8 8 8 9 9 9 1 1 1 1];
    clusteringZhouACA_86_09 = [1 1 1 1 2 2 2 2 3 3 3 4 4 4 1 1 1 1];
    clusteringZhouACA_86_10 = [1 1 1 1 1 1 1 1 2 2 2 2 2 2 1 1 1 1 3 3 3 4 4 4 4 1 1 1];
    clusteringZhouACA_86_11 = [1 1 1 1 1 1 2 2 2 2 3 3 3 3 2 2 2 4 4 4 4 3 3 3 3 2 2 2 2 1 1 1 1 1 1];
    clusteringZhouACA_86_12 = [1 1 1 1 2 2 2 3 3 3 3 3 4 4 4 5 5 6 6 7 7 7 7 7 7 7 7 1 1 1 1 1];
    clusteringZhouACA_86_13 = [1 1 1 1 2 2 3 3 3 4 4 2 2 5 5 5 6 6 6 1 1 1];
    clusteringZhouACA_86_14 = [1 1 2 2 2 2 2 1 1 1 3 3 3 3 3 1 1 1 1 4 4 4];

    clusteringZhouACA = { ...
        clusteringZhouACA_86_01, clusteringZhouACA_86_02, ... 
        clusteringZhouACA_86_03, clusteringZhouACA_86_04, ...
        clusteringZhouACA_86_05, clusteringZhouACA_86_06, ...
        clusteringZhouACA_86_07, clusteringZhouACA_86_08, ...
        clusteringZhouACA_86_09, clusteringZhouACA_86_10, ...
        clusteringZhouACA_86_11, clusteringZhouACA_86_12, ...
        clusteringZhouACA_86_13, clusteringZhouACA_86_14 ...
    };
end

