function [ gt, annotation ] = tw_gt_86()
%TW_GT_86 Summary of this function goes here
%   Detailed explanation goes here

gt = {};

% 86 01
% walk 500 550 600
% jump 1100 1150 1200
% walk 1930 1980 2030
% punch 2450 2500 2550
% walk 3150 3200 3250
% leg_kick 4015 4065 4115
% punch 4579 4579 4579

% gt{1} = [ ...
%     500, 550, 600; ...
%     1100, 1150, 1200; ...
%     1930, 1980, 2030; ...
%     2450, 2500, 2550; ...
%     3150, 3200, 3250; ...
%     4015, 4065, 4115; ...
%     4579, 4579, 4579  ...
% ];

annotation{1} = { ...
    'walk'; ...
    'jump'; ...
    'walk'; ...
    'punch'; ...
    'walk'; ...
    'leg_kick'; ...
    'punch' ...
};

gt{1} = [ ...
         125,         138,         150; ...
         275,         288,         300; ...
         483,         495,         508; ...
         613,         625,         638; ...
         788,         800,         813; ...
        1004,        1016,        1029; ...
        1145,        1145,        1145  ...
];

% 86 02
% walk 980 1010 1100 
% squat 1850 1900 1950 
% run 2580 2700 2780  
% stand 3080 3150 3180 
% arm-up 4670 4710 4750 
% walk 5800 5900 6000 
% jump 7250 7370 7420 
% drink 8725 8820 8880 
% punch 9570 9624 9660 
% walk 10617 10617 10617

% gt{2} = [ ...
%     980, 1010, 1100; ...
%     1850, 1900, 1950; ...
%     2580, 2700, 2780; ...
%     3080, 3150, 3180; ...
%     4670, 4710, 4750; ...
%     5800, 5900, 6000; ...
%     7250, 7370, 7420; ...
%     8725, 8820, 8880; ...
%     9570, 9624, 9660; ...
%     10617, 10617, 10617; ...
% ];

annotation{2} = { ...
    'walk'; ...
    'squat'; ...
    'run'; ...
    'stand'; ...
    'arm-up'; ...
    'walk'; ...
    'jump'; ...
    'drink'; ...
    'punch'; ...
    'walk' ...
};

gt{2} = [ ...
         245,         253,         275; ...
         463,         475,         488; ...
         645,         675,         695; ...
         770,         788,         795; ...
        1168,        1178,        1188; ...
        1450,        1475,        1500; ...
        1813,        1843,        1855; ...
        2181,        2205,        2220; ...
        2393,        2406,        2415; ...
        2655,        2655,        2655 ...
];

% 86 03
% walk 900 975 1050 
% run 1800 1900 1970 
% jump 2351 2420 2500 
% walk 3414 3500 3570 
% leg_kick 4612 4660 4730
% jump_on_left_leg 5350 5420 5500
% jump_on_right_leg 6150 6200 6280 
% arm_circle 6900 7000 7070 
% walk 8401 8401 8401

% gt{3} = [ ...
%     900, 975, 1050; ...
%     1800, 1900, 1970; ...
%     2351, 2420, 2500; ...
%     3414, 3500, 3570; ...
%     4612, 4660, 4730; ...
% 	5350, 5420, 5500; ...
% 	6150, 6200, 6280; ...
% 	6900, 7000, 7070; ...
% 	8401, 8401, 8401; ...
% ];

annotation{3} = { ...
    'walk'; ...
    'run'; ...
    'jump'; ...
    'walk'; ...
    'leg_kick'; ...
    'jump_on_left_leg'; ...
    'jump_on_right_leg'; ... 
    'arm_circle'; ...
    'walk' ...
};

gt{3} = [ ...
         225,         244,         263; ...
         450,         475,         493; ...
         588,         605,         625; ...
         854,         875,         893; ...
        1153,        1165,        1183; ...
        1338,        1355,        1375; ...
        1538,        1550,        1570; ...
        1725,        1750,        1768; ...
        2101,        2101,        2101 ...
];

% 86 04
% walk 970 1019 1100
% stretch 2180 2250 2295
% punch 3368 3440 3500
% stand 4000 4074 4130
% walk 4060 5050 5090
% slap 5830 5870 5930
% turn 6600 6690 6750 
% drink 8000 8070 8150
% punch 9080 9110 9200
% walk 10078 10078 10078

% gt{4} = [ ...
%     970, 1019, 1100; ...
%     2180, 2250, 2295; ...
%     3368, 3440, 3500; ...
%     4000, 4074, 4130; ...
% 	4060, 5050, 5090; ...
% 	5830, 5870, 5930; ...
% 	6600, 6690, 6750; ...
% 	8000, 8070, 8150; ...
% 	9080, 9110, 9200; ...
% 	10078, 10078, 10078  ...
% ];

annotation{4} = { ...
    'walk'; ...
    'stretch'; ...
    'punch'; ...
    'stand'; ...
    'walk'; ...
    'slap'; ...
    'turn'; ... 
    'drink'; ...
    'punch'; ...
    'walk' ...
};

gt{4} = [ ...
         243,         255,         275; ...
         545,         563,         574; ...
         842,         860,         875; ...
        1000,        1019,        1033; ...
% changed
%        1015,        1263,        1273; ...
        1263,        1263,        1273; ...
        1458,        1468,        1483; ...
        1650,        1673,        1688; ...
        2000,        2018,        2038; ...
        2270,        2278,        2300; ...
        2520,        2520,        2520  ...
];

% 86 05
% walk 760 818 850
% jump 1480 1550 1675
% jump_jack 2270 2320 2400
% jump 3881 3840 4000
% walk 4480 4550 4590 
% punch 5150 5200 5250
% cheer 5800 5870 5940
% raise_arms 6510 6570 6630
% slap 7300 7350 7400
% walk 8340 8340 8340

% gt{5} = [ ...
%     760, 818, 850; ...
% 	1480, 1550, 1675; ...
% 	2270, 2320, 2400; ...
% 	3881, 3840, 4000; ...
% 	4480, 4550, 4590; ...
% 	5150, 5200, 5250; ...
% 	5800, 5870, 5940; ...
% 	6510, 6570, 6630; ...
% 	7300, 7350, 7400; ...
% 	8340, 8340, 8340 ...
% ];

annotation{5} = { ...
    'walk'; ...
    'jump'; ...
    'jump_jack'; ...
    'jump'; ...
    'walk'; ...
    'punch'; ...
    'cheer'; ...
    'raise_arms'; ...
    'slap'; ...
    'walk' ...
};

gt{5} = [ ...
         190,         205,         213; ...
         370,         388,         419; ...
         568,         580,         600; ...
         970,         960,        1000; ...
        1120,        1138,        1148; ...
        1288,        1300,        1313; ...
        1450,        1468,        1485; ...
        1628,        1643,        1658; ...
        1825,        1838,        1850; ...
        2085,        2085,        2085 ...
];

% 86 06
% walk 1050 1100 1150
% stand_still 1540 1685 1628
% run 2550 2600 2650
% stand_still 3100 3150 3220
% leg_kick 3900 3940 3980
% punch 4570 4620 4670
% slap 5450 5490 5530
% punch_down 6170 6210 6250
% knee_shot 6960 7000 7050
% cheer 7930 8000 8060
% raise_arms 8870 8910 8950
% walk 9939 9939 9939

% gt{6} = [ ...
% 	1050, 1100, 1150; ...
% 	1540, 1685, 1628; ...
% 	2550, 2600, 2650; ...
% 	3100, 3150, 3220; ...
% 	3900, 3940, 3980; ...
% 	4570, 4620, 4670; ...
% 	5450, 5490, 5530; ...
% 	6170, 6210, 6250; ...
% 	6960, 7000, 7050; ...
% 	7930, 8000, 8060; ...
% 	8870, 8910, 8950; ...
% 	9939, 9939, 9939 ...
% ];

annotation{6} = { ...
    'walk'; ...
    'stand_still'; ...
    'run'; ...
    'stand_still'; ...
    'leg_kick'; ...
    'punch'; ...
    'slap'; ...
    'punch_down'; ...
    'knee_shot'; ...
    'cheer'; ...
    'raise_arms'; ...
    'walk' ...
};

gt{6} = [ ...
         263,         275,         288; ...
         385,         421,         407; ...
         638,         650,         663; ...
         775,         788,         805; ...
         975,         985,         995; ...
        1143,        1155,        1168; ...
        1363,        1373,        1383; ...
        1543,        1553,        1563; ...
        1740,        1750,        1763; ...
        1983,        2000,        2015; ...
        2218,        2228,        2238; ...
        2485,        2485,        2485 ...
];

% 86 07
% walk 1040 1090 1140
% rotate_body 1870 1910 1950 
% rotate_arms 2525 2575 2590
% rotate_body 3640 3690 3720
% rotate_arms 4420 4460 4500 
% jump 5040 5100 5200
% jump_2 5700 5770 5840
% walk 6910 6980 7040
% run 7750 7800 7850
% walk 8702 8702 8702

% gt{7} = [ ...
%   1040, 1090, 1140; ...
% 	1870, 1910, 1950; ...
% 	2525, 2575, 2590; ...
% 	3640, 3690, 3720; ...
% 	4420, 4460, 4500; ...
% 	5040, 5100, 5200; ...
% 	5700, 5770, 5840; ...
% 	6910, 6980, 7040; ...
% 	7750, 7800, 7850; ...
% 	8702, 8702, 8702 ...
% ];

