function [ subcutsHACA ] = tw_get_subcuts_haca()
%TW_GET_SUBCUTS_HACA Summary of this function goes here
%   Detailed explanation goes here

subcutsHACA_86_01 = [73   146   217   290   361   434   506   573   643   716   788   861   934  1006  1077];
subcutsHACA_86_02 = [68   128   187   259   318   388   460   534   609   670   744   819   889   960  1032  1103  1174  1245  1316  1387  1433  1491  1564  1636  1709  1783  1856  1930  2005  2078  2141  2214  2286  2346  2394  2464  2524  2584];
subcutsHACA_86_03 = [68   139   187   257   328   397   468   540   611   682   752   811   883   955  1026  1100  1174  1246  1306  1352  1424  1495  1568  1637  1696  1766  1822  1895  1968  2029];
subcutsHACA_86_04 = [71   143   213   286   358   430   503   572   643   711   772   840   900   973  1045  1115  1186  1260  1331  1400  1473  1546  1606  1678  1752  1801  1875  1949  2022  2095  2163  2235  2305  2377  2447];
subcutsHACA_86_05 = [73   144   215   285   356   428   498   568   640   709   779   849   921   988  1060  1132  1190  1237  1286  1359  1433  1485  1559  1628  1701  1774  1847  1920  1980  2026];
subcutsHACA_86_06 = [75   148   207   279   353   426   493   564   635   708   777   850   923   995  1063  1110  1157  1228  1300  1370  1440  1488  1548  1619  1689  1763  1834  1908  1979  2050  2122  2195  2269  2341  2413];
subcutsHACA_86_07 = [72   146   219   278   351   423   494   562   634   705   776   849   919   989  1061  1108  1155  1228  1302  1372  1444  1517  1589  1662  1733  1804  1877  1950  2020  2080  2129];
subcutsHACA_86_08 = [75   145   218   288   337   398   472   546   616   688   757   829   902   977  1051  1099  1148  1220  1291  1363  1434  1509  1583  1655  1726  1799  1870  1943  2014  2085  2157  2229];
subcutsHACA_86_09 = [66   114   184   252   327   400   473   547   622   672   745   802   869   915   986  1055  1128];
subcutsHACA_86_10 = [71   139   203   248   317   388   446   515   590   663   736   810   885   956  1026  1094  1163  1231  1305  1361  1435  1505  1574  1642  1709  1760  1828];
subcutsHACA_86_11 = [45    89   131   176   217   260   304   346   385   426   466   508   540   582   624   654   692   723   755   786   818   850   891   920   959  1000  1039  1083  1122  1163  1206  1250  1294  1338  1380];
subcutsHACA_86_12 = [74   121   181   255   329   404   479   549   621   695   768   840   911   981  1055  1124  1197  1270  1343  1414  1475  1544  1611  1683  1757  1829  1902  1976  2035  2083  2143];
subcutsHACA_86_13 = [72   121   192   264   337   412   485   558   631   704   779   851   922   989  1064  1134  1196  1270  1342  1415  1485];
subcutsHACA_86_14 = [67   135   205   278   347   418   488   558   628   691   762   829   899   968  1038  1104  1161  1230  1298  1369  1442];

subcutsHACA = {subcutsHACA_86_01, subcutsHACA_86_02, subcutsHACA_86_03, subcutsHACA_86_04, ...
    subcutsHACA_86_05, subcutsHACA_86_06, subcutsHACA_86_07, subcutsHACA_86_08, ...
    subcutsHACA_86_09, subcutsHACA_86_10, subcutsHACA_86_11, subcutsHACA_86_12, ...
    subcutsHACA_86_13, subcutsHACA_86_14};

end

