function [ strict_old, tolerant_old, old_record_names ] = tw_old_evaluation()
%TW_OLD_EVALUATION Summary of this function goes here
%   Detailed explanation goes here

    strict_old = [ ...
     0.87, 0.91, 0.82, 0.87, 0.91, 0.91, 0.90, 0.88, 0.91, 0.90, 0.95, 0.92, 0.67, 0.86; ...   
     0.82, 0.66, 0.71, 0.79, 0.81, 0.78, 0.81, 0.86, 0.87, 0.88, 0.90, 0.85, 0.54, 0.84; ...   
     0.78, 0.70, 0.71, 0.80, 0.86, 0.77, 0.82, 0.84, 0.87, 0.86, 0.90, 0.85, 0.47, 0.83 ...
    ];
    strict_old = strict_old';

    tolerant_old = [ ...
     0.94, 0.99, 0.98, 0.94, 1.00, 0.98, 0.95, 0.98, 1.00, 0.98, 0.99, 0.99, 0.83, 0.94; ...
     0.95, 0.78, 0.86, 0.89, 0.94, 0.89, 0.91, 0.99, 0.98, 0.99, 0.99, 0.97, 0.82, 0.95; ...   
     0.91, 0.82, 0.86, 0.91, 0.99, 0.88, 0.93, 0.97, 0.98, 0.98, 0.99, 0.96, 0.69, 0.94 ...
    ];
    tolerant_old = tolerant_old';

    old_record_names = {'Vögele et al. 2014', 'ACA', 'HACA'};
end

