function [ segment_colors ] = tw_segment_colors()
%TW_SEGMENT_COLORS Summary of this function goes here
%   Detailed explanation goes here

    segment_colors = [ ...
             0,         0,    1.0000; ...
             0,    0.5000,         0; ...
        1.0000,         0,         0; ...
             0,    0.7500,    0.7500; ...
        0.7500,         0,    0.7500; ...
        0.7500,    0.7500,         0; ...
        0.2500,    0.2500,    0.2500; ...
        0.8118,    0.5020,    0.1882; ...
        0.1059,    0.0784,    0.3922; ...
        0.5020,    0.1098,    0.7490 ...
    ];
end

