function [ subcutsACA ] = tw_get_subcuts_aca()
%TW_GET_SUBCUTS_ACA Summary of this function goes here
%   Detailed explanation goes here

subcutsACA_86_01 = [57   131   203   275   346   417   489   559   627   692   756   830   901   935  1006  1077];
subcutsACA_86_02 = [55    128   198   261   329   401   473   548   603   676   751   824   899   970  1042  1113  1185  1256  1308  1354  1420  1491  1564  1636  1709  1783  1856  1930  2005  2078  2153  2225  2297  2370  2441  2512  2584];
subcutsACA_86_03 = [73   145   216   288   342   392   456   527   596   660   730   801   873   945  1016  1090  1164  1228  1300  1355  1427  1485  1557  1627  1696  1767  1835  1907  1980  2035];
subcutsACA_86_04 =[67   139   202   275   349   420   494   564   637   708   777   849   923   994  1066  1137  1197  1265  1333  1405  1478  1550  1608  1681  1754  1828  1902  1976  2049  2122  2194  2263  2335  2390  2452];
subcutsACA_86_05 = [63   120   191   261   331   403   474   508   573   644   715   785   856   928   996  1059  1127  1190  1237  1307  1381  1455  1524  1592  1655  1725  1798  1871  1944  2014];
subcutsACA_86_06 = [62   128   186   259   331   406   473   522   573   640   715   789   858   925   994  1061  1131  1196  1253  1318  1379  1449  1522  1593  1663  1735  1808  1880  1950  2014  2086  2158  2231  2287  2341  2413];
subcutsACA_86_07 = [72   146   209   267   340   405   478   542   579   650   722   782   848   918   987  1033  1099  1170  1228  1302  1372  1444  1517  1589  1655  1728  1798  1871  1944  2014  2065  2118];
subcutsACA_86_08 = [71   142   215   287   350   406   475   548   602   676   744   780   837   912   987  1061  1133  1205  1276  1331  1402  1476  1522  1594  1668  1739  1812  1884  1953  2025  2096  2168  2240];
subcutsACA_86_09 = [64   119   175   246   320   390   462   536   611   665   738   803   862   928   998  1068  1132];
subcutsACA_86_10 = [64   124   192   256   326   378   442   512   586   659   733   806   881   953  1022  1092  1160  1228  1302  1344  1419  1489  1558  1627  1696  1760  1828];
subcutsACA_86_11 = [45    89   131   176   219   263   307   347   388   429   470   507   541   583   619   658   697   738   771   804   846   887   924   959  1000  1039  1081  1121  1162  1205  1249  1294  1338  1381];
subcutsACA_86_12 = [66   113   170   240   314   389   464   538   611   684   749   822   893   964  1037  1109  1181  1255  1328  1399  1471  1540  1608  1678  1752  1824  1897  1971  2031  2081  2143];
subcutsACA_86_13 = [67   130   196   268   341   415   486   559   632   706   779   852   926   991  1061  1134  1199  1272  1345  1416  1487];
subcutsACA_86_14 = [70   138   208   281   351   422   492   562   631   696   766   835   893   963  1032  1099  1167  1236  1303  1375  1442];

subcutsACA = {subcutsACA_86_01, subcutsACA_86_02, subcutsACA_86_03, subcutsACA_86_04, ...
    subcutsACA_86_05, subcutsACA_86_06, subcutsACA_86_07, subcutsACA_86_08, ...
    subcutsACA_86_09, subcutsACA_86_10, subcutsACA_86_11, subcutsACA_86_12, ...
    subcutsACA_86_13, subcutsACA_86_14};

end

